Moyenne
15
82
1 0 1
3 0 2
5 0 3
8 0 3
11 0 2
14 0 2
0 1 2
2 1 2
4 1 3
7 1 3
10 1 2
13 1 2
14 2 2
1 2 2
3 2 2
6 2 4
8 2 2
11 2 1
0 3 3
7 3 1
9 3 3
13 3 3
1 4 3
3 4 3
6 4 4
8 4 1
10 4 2
12 4 3
14 4 4
0 5 3
2 5 1
4 5 2
7 5 3
13 5 1
11 5 2
0 14 3
3 14 2
6 14 3
8 14 3
10 14 3
12 14 6
14 14 4
14 12 5
14 10 5
2 13 4
5 13 3
7 13 2
9 13 3
11 13 3
12 12 3
11 11 1
1 12 2
8 12 1
0 11 3
2 11 5
4 11 1
6 11 2
12 10 4
9 10 2
7 10 4
5 10 4
3 10 1
1 10 3
0 9 3
0 7 3
14 8 3
14 6 3
12 6 4
9 6 2
1 6 4
3 6 2
2 9 4
4 9 2
6 9 2
1 8 3
5 8 2
7 8 6
9 8 5
11 8 2
2 7 2
4 7 5
6 7 4
1 0 3 0 1
3 0 5 0 1
5 0 8 0 2
8 0 11 0 1
11 0 14 0 1
14 0 14 2 1
0 1 2 1 1
0 1 0 3 1
2 1 4 1 1
4 1 7 1 2
7 1 10 1 1
10 1 13 1 1
13 1 13 3 1
14 2 14 4 1
1 2 3 2 1
1 2 1 4 1
3 2 6 2 1
6 2 8 2 1
6 2 6 4 2
8 2 11 2 1
0 3 0 5 2
7 3 9 3 1
9 3 13 3 2
1 4 1 6 2
3 4 6 4 1
3 4 3 6 2
6 4 6 7 1
8 4 10 4 1
10 4 12 4 1
12 4 14 4 2
14 4 14 6 1
0 5 0 7 1
2 5 2 7 1
4 5 4 7 2
7 5 11 5 1
7 5 7 8 2
11 5 13 5 1
0 14 3 14 1
3 14 6 14 1
6 14 8 14 1
8 14 10 14 1
10 14 12 14 2
12 14 14 14 2
14 12 14 14 2
14 10 14 12 2
2 13 5 13 2
9 13 11 13 2
12 12 12 14 2
12 12 14 12 1
11 11 11 13 1
8 12 8 14 1
0 11 0 14 2
2 11 2 13 2
2 11 4 11 1
6 11 6 14 1
12 10 14 10 1
9 10 9 13 1
9 10 12 10 1
7 10 7 13 2
5 10 5 13 1
3 10 5 10 1
1 10 1 12 2
0 9 0 11 1
0 7 0 9 2
14 8 14 10 2
14 6 14 8 1
12 6 12 10 2
12 6 14 6 1
9 6 12 6 1
9 6 9 8 1
1 6 1 8 2
2 9 2 11 2
2 9 4 9 1
6 9 6 11 1
1 8 1 10 1
5 8 5 10 2
7 8 7 10 2
7 8 9 8 2
9 8 11 8 2
2 7 2 9 1
4 7 4 9 1
4 7 6 7 2
6 7 6 9 1
