Moyenne
15
74
0 0 3
3 0 2
5 0 5
7 0 6
10 0 6
12 0 2
2 1 2
4 1 1
9 1 1
11 1 3
14 1 3
13 2 1
10 2 4
0 2 4
2 3 2
5 3 5
7 3 5
14 3 3
1 4 3
4 4 1
11 4 4
13 4 2
14 5 2
10 5 3
9 3 5
8 5 3
6 5 2
0 5 4
1 6 5
3 6 2
5 6 5
7 6 1
9 6 3
0 7 3
6 7 2
8 7 4
11 7 5
13 7 3
1 8 5
3 8 4
5 8 6
6 9 1
10 8 2
9 9 3
12 9 1
14 9 4
0 9 3
2 9 1
1 10 3
3 10 5
5 10 7
8 10 3
10 10 1
0 11 3
2 11 2
6 11 4
9 11 8
11 11 6
13 11 3
14 12 3
13 13 1
14 14 2
11 14 4
9 13 3
7 13 1
6 14 6
5 13 3
3 12 2
1 12 1
0 13 3
2 13 4
1 14 1
4 14 3
8 14 4
0 0 3 0 1
0 0 0 2 2
3 0 5 0 1
5 0 7 0 2
5 0 5 3 2
7 0 10 0 2
7 0 7 3 2
10 0 12 0 2
10 0 10 2 2
2 1 4 1 1
2 1 2 3 1
9 1 9 3 1
11 1 14 1 1
11 1 11 4 2
14 1 14 3 2
13 2 13 4 1
10 2 10 5 2
0 2 0 5 2
2 3 5 3 1
5 3 7 3 1
5 3 5 6 1
7 3 9 3 2
14 3 14 5 1
1 4 4 4 1
1 4 1 6 2
11 4 11 7 2
13 4 13 7 1
14 5 14 9 1
10 5 10 8 1
9 3 9 6 2
8 5 8 7 1
6 5 8 5 2
0 5 0 7 2
1 6 3 6 1
1 6 1 8 2
3 6 5 6 1
5 6 7 6 1
5 6 5 8 2
9 6 9 9 1
0 7 0 9 1
6 7 8 7 1
6 7 6 9 1
8 7 8 10 2
11 7 13 7 2
11 7 11 11 1
1 8 3 8 1
1 8 1 10 2
3 8 5 8 2
3 8 3 10 1
5 8 5 10 2
10 8 10 10 1
9 9 9 11 2
12 9 14 9 1
14 9 14 12 2
0 9 0 11 2
2 9 2 11 1
1 10 1 12 1
3 10 5 10 2
3 10 3 12 2
5 10 8 10 1
5 10 5 13 2
0 11 0 13 1
2 11 2 13 1
6 11 9 11 2
6 11 6 14 2
9 11 11 11 2
9 11 9 13 2
11 11 13 11 2
11 11 11 14 1
13 11 13 13 1
14 12 14 14 1
11 14 14 14 1
7 13 9 13 1
6 14 8 14 2
0 13 2 13 2
2 13 5 13 1
1 14 4 14 1
4 14 6 14 2
8 14 11 14 2
