Moyenne
15
76
1 0 1
0 1 1
0 3 2
0 5 2
0 7 3
0 9 3
0 11 3
0 14 3
2 14 3
4 14 3
1 13 3
3 0 4
5 0 3
7 0 2
9 0 2
11 0 3
13 0 1
12 1 1
14 1 2
11 2 2
10 1 1
4 1 1
3 2 5
1 2 2
1 4 5
3 4 4
4 3 2
5 2 2
5 4 1
6 1 3
8 2 1
7 3 1
9 3 3
13 3 1
14 5 2
12 5 4
9 5 5
6 5 6
4 5 3
5 6 1
3 6 5
1 6 6
6 7 2
8 6 2
9 7 2
10 6 1
12 7 3
14 7 1
1 8 4
3 8 7
5 8 3
3 13 3
3 11 3
1 10 3
7 14 3
10 14 3
12 14 3
14 14 3
6 13 4
5 12 1
6 11 3
6 9 4
8 9 6
8 12 2
9 13 2
11 13 4
13 13 1
10 12 1
11 10 4
9 10 1
14 10 2
14 12 3
12 12 1
10 9 3
13 9 1
5 10 2
1 0 3 0 1
0 1 0 3 1
0 3 0 5 1
0 5 0 7 1
0 7 0 9 2
0 9 0 11 1
0 11 0 14 2
0 14 2 14 1
2 14 4 14 2
4 14 7 14 1
1 13 3 13 1
3 0 5 0 1
3 0 3 2 2
5 0 7 0 1
5 0 5 2 1
7 0 9 0 1
9 0 11 0 1
11 0 13 0 1
11 0 11 2 1
12 1 14 1 1
14 1 14 5 1
4 1 4 3 1
3 2 3 4 2
1 2 3 2 1
1 2 1 4 1
1 4 3 4 2
1 4 1 6 2
4 3 4 5 1
5 2 5 4 1
6 1 10 1 1
6 1 6 5 2
8 2 11 2 1
7 3 9 3 1
9 3 13 3 1
9 3 9 5 1
12 5 14 5 1
12 5 12 7 2
9 5 12 5 1
9 5 9 7 2
6 5 9 5 1
6 5 6 7 1
4 5 6 5 2
3 6 5 6 1
3 6 3 8 2
1 6 3 6 2
1 6 1 8 2
6 7 6 9 1
8 6 8 9 2
10 6 10 9 1
12 7 14 7 1
1 8 3 8 1
1 8 1 10 1
3 8 5 8 2
3 8 3 11 2
5 8 5 10 1
3 13 6 13 1
3 11 3 13 1
1 10 1 13 2
7 14 10 14 2
10 14 12 14 1
12 14 14 14 2
6 13 9 13 1
6 11 6 13 2
6 9 6 11 1
6 9 8 9 2
8 9 8 12 1
8 9 10 9 1
8 12 10 12 1
9 13 11 13 1
11 13 13 13 1
11 10 11 13 2
11 10 14 10 1
9 10 11 10 1
14 10 14 12 1
14 12 14 14 1
12 12 14 12 1
10 9 13 9 1
5 10 5 12 1
