Difficile
15
48
2 0 3
4 0 4
7 0 4
9 0 4
11 0 3
3 1 2
10 1 1
2 2 3
5 2 3
7 2 3
11 2 3
3 3 3
6 3 2
9 3 3
2 4 2
4 4 2
7 4 3
11 4 3
3 5 4
5 5 4
9 5 2
2 6 1
7 6 3
10 6 4
11 7 3
3 7 3
2 8 2
6 8 3
8 8 4
10 8 5
11 9 3
3 9 3
2 10 3
5 10 4
7 10 1
3 11 2
11 11 3
2 12 3
5 12 6
7 12 1
10 12 3
6 13 1
8 13 3
3 14 1
5 14 2
7 14 2
10 14 3
11 13 1
2 0 4 0 1
2 0 2 2 2
4 0 7 0 1
4 0 4 4 2
7 0 9 0 2
7 0 7 2 1
9 0 11 0 1
9 0 9 3 1
11 0 11 2 2
3 1 3 3 2
10 1 10 6 1
2 2 2 4 1
5 2 7 2 1
5 2 5 5 2
7 2 7 4 1
11 2 11 4 1
3 3 3 5 1
6 3 6 8 2
9 3 9 5 2
2 4 2 6 1
7 4 7 6 2
11 4 11 7 2
3 5 5 5 1
3 5 3 7 2
5 5 5 10 1
7 6 10 6 1
10 6 10 8 2
11 7 11 9 1
3 7 3 9 1
2 8 2 10 2
6 8 8 8 1
8 8 10 8 1
8 8 8 13 2
10 8 10 12 2
11 9 11 11 2
3 9 3 11 2
2 10 2 12 1
5 10 7 10 1
5 10 5 12 2
11 11 11 13 1
2 12 5 12 2
5 12 7 12 1
5 12 5 14 1
10 12 10 14 1
6 13 8 13 1
3 14 5 14 1
7 14 10 14 2
