Difficile
15
79
0 1 1
1 0 3
4 0 3
7 0 3
10 0 3
13 0 1
14 1 2
12 1 2
8 1 1
6 1 3
2 1 2
0 3 2
1 2 4
3 2 3
5 2 3
2 3 1
4 3 2
7 3 3
10 3 3
13 3 1
12 4 2
14 4 2
13 5 2
8 4 2
7 5 4
6 4 2
3 4 3
1 4 3
0 5 3
2 5 2
4 5 3
12 6 2
10 6 4
5 6 3
3 6 2
1 6 4
0 7 3
1 8 3
2 7 3
4 7 2
6 7 2
8 7 2
14 7 2
13 8 3
11 8 3
7 8 2
8 9 3
6 9 2
5 8 4
3 8 2
10 9 3
12 9 1
14 9 3
14 11 2
11 11 6
11 14 4
14 14 1
9 13 1
9 11 4
7 10 1
5 10 4
2 10 3
0 10 2
1 11 4
0 12 2
2 12 2
4 12 3
3 11 4
6 11 3
8 12 2
8 14 4
7 13 2
5 13 3
3 13 3
1 13 3
0 14 2
2 14 2
4 14 2
6 14 3
0 1 0 3 1
1 0 4 0 1
1 0 1 2 2
4 0 7 0 2
7 0 7 3 1
10 0 13 0 1
10 0 10 3 2
14 1 14 4 1
12 1 14 1 1
12 1 12 4 1
8 1 8 4 1
6 1 6 4 1
2 1 6 1 2
0 3 0 5 1
1 2 3 2 1
1 2 1 4 1
3 2 5 2 1
3 2 3 4 1
5 2 5 6 2
2 3 2 5 1
4 3 4 5 2
7 3 7 5 2
10 3 10 6 1
13 3 13 5 1
12 4 12 6 1
14 4 14 7 1
13 5 13 8 1
8 4 8 7 1
7 5 7 8 2
6 4 6 7 1
3 4 3 6 2
1 4 1 6 2
0 5 0 7 2
2 5 2 7 1
4 5 4 7 1
10 6 12 6 1
10 6 10 9 2
5 6 5 8 1
1 6 1 8 2
0 7 0 10 1
1 8 1 11 1
2 7 4 7 1
2 7 2 10 1
6 7 6 9 1
8 7 8 9 1
14 7 14 9 1
11 8 13 8 2
11 8 11 11 1
8 9 10 9 1
6 9 8 9 1
5 8 5 10 1
3 8 5 8 2
12 9 14 9 1
14 9 14 11 1
11 11 14 11 1
11 11 11 14 2
11 14 14 14 1
9 11 11 11 2
9 11 9 13 1
5 10 7 10 1
2 10 5 10 2
0 10 0 12 1
1 11 3 11 2
1 11 1 13 1
0 12 0 14 1
2 12 4 12 2
4 12 8 12 1
3 11 6 11 2
6 11 9 11 1
8 12 8 14 1
8 14 11 14 1
5 13 7 13 2
3 13 5 13 1
1 13 3 13 2
0 14 2 14 1
2 14 4 14 1
4 14 6 14 1
6 14 8 14 2
