Difficile
15
75
0 0 3
2 0 3
4 0 4
6 0 2
9 0 3
11 0 2
13 0 1
3 1 2
5 1 3
7 1 3
10 2 3
12 2 3
14 2 3
10 4 1
9 3 3
7 3 3
5 3 2
2 3 4
0 3 5
14 5 4
12 5 4
9 5 4
7 5 3
4 5 2
2 5 4
0 5 5
1 6 2
0 8 3
0 10 3
0 14 3
4 14 3
6 14 3
9 14 3
11 14 2
13 14 2
14 13 1
13 12 2
14 11 2
13 10 1
14 9 3
14 7 4
12 7 8
12 9 5
12 11 3
12 13 2
10 13 2
8 13 2
5 13 2
2 13 2
1 12 1
2 11 4
1 9 2
2 8 1
4 9 1
3 10 2
5 11 2
4 12 2
6 12 5
6 10 4
9 10 2
9 8 3
8 6 1
5 6 3
3 6 4
4 7 2
6 7 2
7 8 1
8 11 2
9 12 4
11 12 3
10 11 3
10 9 2
11 10 3
11 8 2
10 7 3
0 0 2 0 1
0 0 0 3 2
2 0 4 0 2
4 0 6 0 2
9 0 11 0 1
9 0 9 3 2
11 0 13 0 1
3 1 5 1 2
5 1 7 1 1
7 1 7 3 2
10 2 12 2 2
10 2 10 4 1
12 2 14 2 1
14 2 14 5 2
9 3 9 5 1
7 3 7 5 1
2 3 5 3 2
2 3 2 5 1
0 3 2 3 1
0 3 0 5 2
14 5 14 7 1
12 5 14 5 1
12 5 12 7 2
9 5 12 5 1
9 5 9 8 1
7 5 9 5 1
4 5 7 5 1
2 5 4 5 1
0 5 2 5 2
0 5 0 8 1
1 6 1 9 1
1 6 3 6 1
0 8 0 10 2
0 10 0 14 1
0 14 4 14 2
4 14 6 14 1
6 14 9 14 2
9 14 11 14 1
11 14 13 14 1
13 12 13 14 1
14 11 14 13 1
13 10 13 12 1
14 9 14 11 1
14 7 14 9 1
12 7 14 7 2
12 7 12 9 2
12 9 14 9 1
12 9 12 11 2
12 11 12 13 1
10 13 12 13 1
8 13 10 13 1
5 13 8 13 1
2 13 5 13 1
2 11 2 13 1
2 11 5 11 2
1 9 1 12 1
2 8 2 11 1
3 10 6 10 1
4 12 6 12 2
6 12 9 12 2
6 10 6 12 1
6 10 9 10 1
9 8 9 10 1
5 6 8 6 1
3 6 3 10 1
3 6 5 6 2
4 7 4 9 1
4 7 6 7 1
6 7 6 10 1
7 8 9 8 1
8 11 10 11 2
9 12 11 12 2
10 9 10 11 1
11 10 11 12 1
11 8 11 10 2
10 7 12 7 2
10 7 10 9 1
