Difficile
15
77
0 0 2
2 0 3
4 0 4
6 0 2
8 0 2
10 0 2
12 0 2
14 0 2
3 1 1
5 1 3
7 1 5
9 1 2
11 1 2
13 1 2
14 2 2
0 2 3
2 2 2
4 2 3
5 3 3
7 3 5
10 3 4
12 3 2
13 4 2
14 5 2
11 4 1
10 5 3
0 4 4
3 4 4
1 14 2
4 14 3
7 14 2
9 14 3
11 14 3
14 14 1
0 13 1
2 13 1
5 13 1
8 13 4
10 13 2
12 13 1
1 12 1
6 12 1
11 12 1
14 12 3
0 11 3
2 11 3
4 11 2
8 11 2
1 10 2
3 10 4
6 10 4
8 9 2
10 10 4
12 10 4
14 10 5
14 8 3
13 7 1
12 6 1
0 9 3
2 9 2
5 5 2
8 5 2
11 8 2
10 7 2
9 6 2
9 8 3
7 7 1
6 6 1
6 8 3
4 7 3
3 6 3
3 8 2
2 7 1
1 8 3
0 7 3
1 6 3
5 9 3
0 0 2 0 1
0 0 0 2 1
2 0 4 0 1
2 0 2 2 1
4 0 6 0 1
4 0 4 2 2
6 0 8 0 1
8 0 10 0 1
10 0 12 0 1
12 0 14 0 1
14 0 14 2 1
3 1 3 4 1
5 1 7 1 2
5 1 5 3 1
7 1 9 1 1
7 1 7 3 2
9 1 11 1 1
11 1 13 1 1
13 1 13 4 1
14 2 14 5 1
0 2 2 2 1
0 2 0 4 1
4 2 4 7 1
5 3 7 3 1
5 3 5 5 1
7 3 10 3 2
10 3 12 3 1
10 3 10 5 1
12 3 12 6 1
13 4 13 7 1
14 5 14 8 1
11 4 11 8 1
10 5 10 7 1
0 4 3 4 1
0 4 0 7 2
3 4 3 6 2
1 14 4 14 1
4 14 7 14 1
7 14 9 14 1
9 14 11 14 2
5 13 8 13 1
8 13 10 13 1
1 12 1 14 1
11 12 11 14 1
14 12 14 14 1
0 11 0 13 1
0 11 2 11 1
2 11 2 13 1
2 11 4 11 1
4 11 4 14 1
8 11 8 13 2
1 10 3 10 2
3 10 6 10 2
6 10 6 12 1
6 10 10 10 1
10 10 10 13 1
10 10 12 10 1
12 10 12 13 1
12 10 14 10 2
14 10 14 12 2
14 8 14 10 1
0 9 0 11 1
0 9 2 9 1
2 9 5 9 1
5 5 8 5 1
8 5 10 5 1
11 8 14 8 1
10 7 10 10 1
9 6 9 8 1
6 6 9 6 1
6 8 9 8 2
4 7 7 7 1
3 8 6 8 1
2 7 4 7 1
1 8 3 8 1
0 7 0 9 1
1 6 3 6 1
1 6 1 8 2
5 9 8 9 2
