Difficile
15
75
0 0 3
2 0 4
4 0 3
7 0 3
10 0 5
12 0 6
14 0 2
8 1 1
5 1 3
3 1 3
1 1 2
0 2 2
2 2 1
4 2 2
7 2 4
14 2 4
12 2 6
10 2 6
1 3 3
3 3 1
0 4 2
14 4 4
12 4 4
10 4 6
7 4 3
5 4 2
1 5 4
4 5 2
6 5 1
9 5 2
11 5 2
13 5 3
14 6 2
5 6 3
2 6 3
0 6 2
13 7 3
10 7 4
1 7 2
0 8 3
1 9 3
3 8 3
6 8 7
9 8 5
14 9 4
11 9 1
0 10 3
2 10 2
4 10 1
6 10 6
9 10 4
1 11 3
0 12 2
2 12 2
1 13 3
0 14 2
3 11 1
3 14 3
4 13 3
5 14 3
5 12 1
6 13 5
7 14 3
9 14 2
11 14 3
14 14 2
13 13 2
14 12 3
13 11 4
8 11 1
10 11 4
9 12 2
11 12 2
8 13 4
10 13 2
0 0 2 0 2
0 0 0 2 1
2 0 4 0 2
4 0 7 0 1
7 0 10 0 2
10 0 12 0 2
10 0 10 2 1
12 0 14 0 2
12 0 12 2 2
5 1 8 1 1
3 1 5 1 2
1 1 3 1 1
1 1 1 3 1
0 2 0 4 1
2 2 4 2 1
4 2 7 2 1
7 2 10 2 2
7 2 7 4 1
14 2 14 4 2
12 2 14 2 2
12 2 12 4 1
10 2 12 2 1
10 2 10 4 2
1 3 3 3 1
1 3 1 5 1
0 4 0 6 1
14 4 14 6 1
12 4 14 4 1
10 4 12 4 2
10 4 10 7 1
7 4 10 4 1
5 4 7 4 1
5 4 5 6 1
1 5 4 5 2
1 5 1 7 1
6 5 6 8 1
9 5 9 8 2
11 5 13 5 2
13 5 13 7 1
14 6 14 9 1
2 6 5 6 2
2 6 2 10 1
0 6 0 8 1
10 7 13 7 2
10 7 10 11 1
1 7 1 9 1
0 8 0 10 2
1 9 1 11 2
3 8 6 8 2
3 8 3 11 1
6 8 9 8 2
6 8 6 10 2
9 8 9 10 1
14 9 14 12 2
11 9 14 9 1
0 10 0 12 1
2 10 2 12 1
4 10 6 10 1
6 10 9 10 1
6 10 6 13 2
9 10 9 12 2
1 11 1 13 1
0 12 0 14 1
2 12 5 12 1
1 13 4 13 2
0 14 3 14 1
3 14 5 14 2
4 13 6 13 1
5 14 7 14 1
6 13 8 13 2
7 14 9 14 2
11 14 14 14 1
14 12 14 14 1
13 11 13 13 2
8 11 8 13 1
10 11 13 11 2
10 11 10 13 1
11 12 11 14 2
8 13 10 13 1
