Difficile
15
76
2 0 1
5 0 2
7 0 2
14 0 3
11 0 3
9 0 4
0 1 3
3 1 3
6 1 3
8 1 2
10 1 1
13 1 3
14 2 3
11 2 1
9 2 3
7 2 2
2 2 1
4 2 1
3 3 4
6 3 5
8 3 4
10 3 2
13 3 4
14 4 2
0 4 5
2 4 3
4 5 2
8 5 2
11 5 3
13 5 3
3 6 3
6 6 4
10 6 2
12 6 3
14 6 3
0 7 5
2 7 5
4 7 4
8 7 2
11 7 3
3 8 3
6 8 2
10 8 2
14 8 2
0 9 4
2 9 3
9 9 2
12 9 2
14 10 3
10 10 4
8 10 2
6 10 4
4 10 4
0 11 3
3 11 5
5 11 6
7 11 5
9 11 3
11 11 2
8 12 1
10 12 4
12 12 2
1 13 1
3 13 4
5 13 4
7 13 2
9 13 1
11 13 2
14 13 3
0 14 2
2 14 2
4 14 2
6 14 3
8 14 4
10 14 3
12 14 1
2 0 5 0 1
5 0 7 0 1
7 0 9 0 1
14 0 14 2 2
11 0 14 0 1
9 0 11 0 2
9 0 9 2 1
0 1 3 1 1
0 1 0 4 2
3 1 6 1 1
3 1 3 3 1
6 1 8 1 2
10 1 13 1 1
13 1 13 3 2
14 2 14 4 1
9 2 11 2 1
7 2 9 2 1
2 2 2 4 1
4 2 7 2 1
3 3 6 3 1
3 3 3 6 2
6 3 8 3 2
6 3 6 6 2
8 3 10 3 1
8 3 8 5 1
10 3 13 3 1
13 3 13 5 1
14 4 14 6 1
0 4 2 4 1
0 4 0 7 2
2 4 2 7 1
4 5 4 7 2
8 5 11 5 1
11 5 13 5 2
3 6 3 8 1
6 6 10 6 1
6 6 6 8 1
10 6 12 6 1
12 6 14 6 1
12 6 12 9 1
14 6 14 8 1
0 7 2 7 2
0 7 0 9 1
2 7 2 9 2
4 7 4 10 2
8 7 11 7 1
8 7 8 10 1
11 7 11 11 2
3 8 3 11 2
6 8 6 10 1
10 8 10 10 2
14 8 14 10 1
0 9 2 9 1
0 9 0 11 2
9 9 9 11 2
12 9 12 12 1
14 10 14 13 2
10 10 10 12 2
6 10 8 10 1
4 10 6 10 2
0 11 0 14 1
3 11 5 11 2
3 11 3 13 1
5 11 7 11 2
5 11 5 13 2
7 11 9 11 1
7 11 7 13 2
8 12 10 12 1
10 12 12 12 1
1 13 3 13 1
3 13 5 13 2
9 13 11 13 1
11 13 14 13 1
0 14 2 14 1
2 14 4 14 1
4 14 6 14 1
6 14 8 14 2
8 14 10 14 2
10 14 12 14 1
