Difficile
15
81
0 0 4
2 0 3
4 0 2
6 0 2
8 0 2
10 0 3
12 0 3
14 0 2
13 1 3
1 1 1
3 1 2
5 1 3
7 1 3
9 1 2
14 2 2
11 2 3
8 2 3
6 2 1
0 3 4
2 3 3
4 3 1
13 3 4
14 4 2
11 4 3
9 4 4
7 4 3
5 4 4
3 4 2
1 4 1
2 5 3
4 5 2
6 5 2
8 5 3
13 5 3
0 6 2
3 6 2
5 6 3
7 6 2
9 6 3
14 6 3
2 7 2
4 7 4
6 7 1
8 7 3
11 7 4
13 7 4
0 8 2
5 8 3
7 8 2
9 8 3
14 8 3
1 9 2
3 9 4
6 9 2
8 9 3
11 9 3
13 9 3
0 10 4
2 10 1
5 10 4
9 10 2
3 11 3
7 11 1
11 11 3
14 11 3
0 12 5
2 12 2
5 12 2
9 12 1
13 12 2
14 13 3
11 13 4
8 13 3
6 13 3
4 13 3
0 14 3
3 14 4
5 14 3
7 14 3
10 14 2
12 14 1
0 0 2 0 2
0 0 0 3 2
2 0 4 0 1
4 0 6 0 1
6 0 8 0 1
8 0 10 0 1
10 0 12 0 2
12 0 14 0 1
14 0 14 2 1
13 1 13 3 2
1 1 3 1 1
3 1 5 1 1
5 1 7 1 2
7 1 9 1 1
9 1 13 1 1
14 2 14 4 1
11 2 11 4 1
8 2 11 2 2
6 2 8 2 1
0 3 2 3 1
0 3 0 6 1
2 3 4 3 1
2 3 2 5 1
13 3 13 5 2
14 4 14 6 1
9 4 11 4 2
9 4 9 6 1
7 4 9 4 1
5 4 7 4 2
5 4 5 6 1
3 4 5 4 1
3 4 3 6 1
1 4 1 9 1
2 5 2 7 2
4 5 4 7 2
6 5 8 5 2
8 5 8 7 1
13 5 13 7 1
0 6 0 8 1
3 6 3 9 1
5 6 7 6 1
5 6 5 8 1
7 6 7 8 1
9 6 9 8 2
14 6 14 8 2
4 7 4 13 2
6 7 6 9 1
8 7 8 9 2
11 7 13 7 2
11 7 11 9 2
13 7 13 9 1
0 8 0 10 1
5 8 5 10 2
7 8 7 11 1
9 8 9 10 1
14 8 14 11 1
1 9 3 9 1
3 9 3 11 2
6 9 6 13 1
8 9 8 13 1
11 9 11 11 1
13 9 13 12 2
0 10 2 10 1
0 10 0 12 2
5 10 5 12 2
9 10 9 12 1
3 11 3 14 1
11 11 11 13 2
14 11 14 13 2
0 12 2 12 2
0 12 0 14 1
11 13 14 13 1
8 13 11 13 1
6 13 8 13 1
4 13 6 13 1
0 14 3 14 2
3 14 5 14 1
5 14 7 14 2
7 14 10 14 1
10 14 12 14 1
