Difficile
15
79
0 0 3
2 0 5
4 0 2
6 0 2
8 0 2
10 0 4
13 0 2
14 1 2
11 1 1
9 1 3
7 1 4
5 1 3
3 1 3
0 2 2
2 2 3
4 2 2
6 2 1
1 3 2
3 3 3
5 3 2
7 3 4
10 3 5
12 3 3
0 4 3
2 4 2
4 4 2
11 4 1
14 4 3
1 5 3
3 5 2
5 5 2
7 5 6
9 5 2
12 5 2
0 6 4
2 6 2
4 6 2
8 6 1
10 6 3
1 7 2
3 7 2
5 7 4
7 7 6
9 7 3
11 7 3
14 7 3
0 8 3
2 8 2
8 8 4
10 8 4
12 8 3
4 9 3
7 9 3
9 9 2
11 9 3
14 9 4
1 10 2
3 10 1
5 10 1
8 10 2
0 11 2
2 11 4
4 11 6
7 11 4
9 11 4
13 11 1
1 12 2
14 12 2
11 12 1
0 13 1
2 13 1
6 13 1
9 13 4
12 13 2
1 14 3
4 14 5
8 14 3
10 14 3
13 14 2
0 0 2 0 2
0 0 0 2 1
2 0 4 0 1
2 0 2 2 2
4 0 6 0 1
6 0 8 0 1
8 0 10 0 1
10 0 13 0 2
10 0 10 3 1
14 1 14 4 1
11 1 14 1 1
9 1 9 5 1
7 1 9 1 2
5 1 7 1 2
3 1 5 1 1
3 1 3 3 2
0 2 0 4 1
2 2 2 4 1
4 2 6 2 1
4 2 4 4 1
1 3 1 5 2
3 3 3 5 1
5 3 7 3 2
7 3 7 5 2
10 3 12 3 2
10 3 10 6 2
12 3 12 5 1
0 4 0 6 2
2 4 2 6 1
4 4 4 6 1
11 4 11 7 1
14 4 14 7 2
1 5 1 7 1
3 5 3 7 1
5 5 7 5 1
5 5 5 7 1
7 5 9 5 1
7 5 7 7 2
12 5 12 8 1
0 6 0 8 2
2 6 2 8 1
4 6 4 9 1
8 6 10 6 1
1 7 1 10 1
3 7 3 10 1
5 7 7 7 2
5 7 5 10 1
7 7 9 7 1
7 7 7 9 1
9 7 11 7 2
14 7 14 9 1
0 8 0 11 1
2 8 2 11 1
8 8 10 8 2
8 8 8 10 2
10 8 12 8 2
4 9 4 11 2
7 9 7 11 2
9 9 11 9 1
9 9 9 11 1
11 9 14 9 2
14 9 14 12 1
1 10 1 12 1
0 11 0 13 1
2 11 4 11 2
2 11 2 13 1
4 11 7 11 1
4 11 4 14 1
7 11 9 11 1
9 11 13 11 1
9 11 9 13 1
1 12 1 14 1
11 12 14 12 1
6 13 9 13 1
9 13 12 13 2
1 14 4 14 2
4 14 8 14 2
8 14 10 14 1
10 14 13 14 2
