Difficile
15
80
0 0 2
2 0 2
4 0 2
6 0 2
8 0 2
10 0 2
12 0 1
1 1 3
3 1 3
5 1 3
7 1 2
9 1 4
11 1 4
14 1 1
0 2 2
2 2 2
4 2 3
6 2 2
8 2 3
1 3 2
3 3 1
5 3 2
7 3 1
9 3 2
0 4 4
2 4 3
4 4 5
8 4 4
11 4 6
14 4 2
6 5 1
10 5 2
1 6 2
4 6 5
8 6 2
11 6 5
14 6 3
2 7 1
13 7 1
0 8 2
4 8 3
8 8 4
10 8 4
14 8 1
1 9 2
5 9 1
7 9 2
9 9 3
11 9 5
13 9 4
0 10 2
2 10 3
4 10 3
6 10 3
8 10 1
10 10 2
14 10 2
1 11 2
3 11 2
5 11 2
7 11 4
9 11 3
11 11 5
13 11 5
0 12 5
2 12 5
4 12 2
6 12 3
8 12 2
10 12 3
14 12 2
13 13 1
0 14 2
2 14 4
5 14 3
7 14 3
9 14 2
11 14 4
14 14 3
6 7 3
0 0 2 0 1
0 0 0 2 1
2 0 4 0 1
4 0 6 0 1
6 0 8 0 1
8 0 10 0 1
10 0 12 0 1
1 1 3 1 2
1 1 1 3 1
3 1 5 1 1
5 1 7 1 1
5 1 5 3 1
7 1 9 1 1
9 1 11 1 1
9 1 9 3 2
11 1 14 1 1
11 1 11 4 2
0 2 0 4 1
2 2 4 2 2
4 2 4 4 1
6 2 8 2 2
8 2 8 4 1
1 3 3 3 1
5 3 7 3 1
0 4 2 4 2
0 4 0 8 1
2 4 4 4 1
4 4 8 4 1
4 4 4 6 2
8 4 11 4 1
8 4 8 6 1
11 4 14 4 1
11 4 11 6 2
14 4 14 6 1
6 5 6 7 1
10 5 10 8 2
1 6 4 6 1
1 6 1 9 1
4 6 4 8 2
8 6 8 8 1
11 6 14 6 2
11 6 11 9 1
2 7 2 10 1
13 7 13 9 1
0 8 0 10 1
4 8 4 10 1
8 8 10 8 2
8 8 8 10 1
14 8 14 10 1
1 9 1 11 1
5 9 5 11 1
7 9 7 11 2
9 9 11 9 2
9 9 9 11 1
11 9 13 9 1
11 9 11 11 1
13 9 13 11 2
0 10 0 12 1
2 10 4 10 2
6 10 6 12 1
10 10 10 12 2
14 10 14 12 1
1 11 3 11 1
3 11 5 11 1
7 11 9 11 2
11 11 13 11 2
11 11 11 14 2
13 11 13 13 1
0 12 2 12 2
0 12 0 14 2
2 12 4 12 1
2 12 2 14 2
4 12 6 12 1
6 12 8 12 1
8 12 10 12 1
14 12 14 14 1
2 14 5 14 2
5 14 7 14 1
7 14 9 14 2
11 14 14 14 2
6 7 6 10 2
