Difficile
15
88
0 0 2
2 0 3
4 0 3
6 0 3
8 0 3
10 0 3
12 0 3
14 0 3
1 1 2
3 1 2
5 1 4
7 1 3
9 1 3
11 1 2
13 1 3
0 2 3
2 2 1
4 2 2
6 2 1
8 2 2
10 2 2
12 2 2
14 2 3
1 3 5
3 3 2
5 3 3
11 3 1
13 3 4
2 4 2
4 4 3
7 4 2
9 4 3
12 4 4
14 4 3
0 5 3
6 5 1
8 5 4
10 5 2
13 5 3
1 6 3
3 6 1
7 6 2
9 6 2
12 6 3
14 6 4
0 7 2
2 7 4
5 7 2
8 7 4
10 7 2
13 7 2
1 8 2
3 8 2
7 8 4
9 8 4
12 8 2
14 8 3
0 9 2
2 9 3
5 9 1
10 9 2
13 9 3
1 10 1
3 10 1
8 10 2
14 10 2
0 11 3
2 11 5
5 11 4
7 11 7
9 11 5
11 11 2
4 12 3
6 12 4
8 12 1
10 12 1
13 12 2
14 13 1
11 13 1
9 13 1
7 13 2
13 14 2
10 14 4
0 14 2
2 14 4
4 14 4
6 14 4
8 14 4
0 0 2 0 1
0 0 0 2 1
2 0 4 0 2
4 0 6 0 1
6 0 8 0 2
8 0 10 0 1
10 0 12 0 2
12 0 14 0 1
14 0 14 2 2
1 1 3 1 1
1 1 1 3 1
3 1 5 1 1
5 1 7 1 1
5 1 5 3 2
7 1 9 1 2
9 1 11 1 1
11 1 13 1 1
13 1 13 3 2
0 2 0 5 2
2 2 4 2 1
4 2 4 4 1
6 2 8 2 1
8 2 10 2 1
10 2 12 2 1
12 2 12 4 1
14 2 14 4 1
1 3 3 3 2
1 3 1 6 2
5 3 11 3 1
13 3 13 5 2
2 4 4 4 1
2 4 2 7 1
4 4 7 4 1
7 4 9 4 1
9 4 12 4 2
12 4 12 6 1
14 4 14 6 2
0 5 0 7 1
6 5 8 5 1
8 5 10 5 1
8 5 8 7 2
10 5 10 7 1
13 5 13 7 1
1 6 1 8 1
3 6 7 6 1
7 6 7 8 1
9 6 9 8 2
12 6 12 8 2
14 6 14 8 2
0 7 0 9 1
2 7 5 7 2
2 7 2 9 1
8 7 8 10 2
10 7 10 9 1
13 7 13 9 1
1 8 1 10 1
3 8 7 8 1
3 8 3 10 1
7 8 7 11 2
9 8 9 11 2
14 8 14 10 1
0 9 0 11 1
2 9 2 11 2
5 9 5 11 1
10 9 13 9 1
13 9 13 12 1
14 10 14 13 1
0 11 2 11 1
0 11 0 14 1
2 11 5 11 1
2 11 2 14 1
5 11 7 11 2
7 11 9 11 1
7 11 7 13 2
9 11 11 11 1
9 11 9 13 1
11 11 11 13 1
4 12 6 12 2
4 12 4 14 1
6 12 6 14 2
8 12 8 14 1
10 12 10 14 1
13 12 13 14 1
10 14 13 14 1
0 14 2 14 1
2 14 4 14 2
4 14 6 14 1
6 14 8 14 1
8 14 10 14 2
