Facile
15
61
2 0 1
4 0 3
10 0 2
12 0 3
14 0 2
0 1 3
3 1 1
5 1 1
7 1 3
11 1 3
13 1 1
1 2 2
4 2 4
6 2 2
10 2 2
12 2 2
11 3 4
13 3 2
0 4 5
3 4 2
7 4 3
10 4 3
12 4 1
14 4 4
0 6 4
4 6 3
11 6 7
14 6 4
12 7 1
0 8 2
7 8 2
9 8 3
11 8 4
14 8 2
0 10 4
3 10 2
6 10 3
8 10 5
11 10 2
1 11 1
5 11 3
7 11 1
9 11 1
0 12 6
4 12 2
6 12 2
8 12 4
12 12 2
14 12 2
2 13 1
5 13 3
7 13 3
9 13 5
11 13 4
13 13 1
0 14 4
4 14 3
6 14 2
8 14 2
12 14 3
14 14 2
2 0 4 0 1
4 0 10 0 1
10 0 12 0 1
4 0 4 2 1
12 0 12 2 2
0 1 3 1 1
5 1 7 1 1
7 1 11 1 2
0 1 0 4 2
11 1 11 3 1
13 1 13 3 1
14 0 14 4 2
1 2 4 2 2
4 2 6 2 1
6 2 10 2 1
10 2 10 4 1
11 3 13 3 1
11 3 11 6 2
0 4 3 4 1
3 4 7 4 1
7 4 10 4 2
12 4 14 4 1
0 4 0 6 2
14 4 14 6 1
0 6 4 6 2
4 6 11 6 1
11 6 14 6 2
11 6 11 8 2
14 6 14 8 1
14 8 14 12 1
12 7 12 12 1
0 8 7 8 1
7 8 9 8 1
9 8 11 8 2
0 8 0 10 1
0 10 3 10 1
3 10 6 10 1
6 10 8 10 2
8 10 11 10 1
0 10 0 12 2
8 10 8 12 2
1 11 5 11 1
5 11 7 11 1
5 11 5 13 1
9 11 9 13 1
11 10 11 13 1
0 12 4 12 2
6 12 8 12 2
12 12 14 12 1
0 12 0 14 2
2 13 5 13 1
5 13 7 13 1
7 13 9 13 2
9 13 11 13 2
11 13 13 13 1
0 14 4 14 2
4 14 6 14 1
6 14 8 14 1
8 14 12 14 1
12 14 14 14 2