Facile
15
69
1 0 1
4 0 5
7 0 6
9 0 5
12 0 4
14 0 4
13 1 1
11 1 3
2 1 2
0 1 3
2 3 2
0 4 4
4 3 6
7 3 6
9 3 2
10 2 1
12 2 4
14 2 5
0 6 6
2 6 6
4 6 5
6 6 3
6 4 1
7 7 1
10 5 3
8 5 2
11 4 3
13 4 2
14 5 2
13 6 3
13 9 2
14 8 2
12 5 4
12 7 2
11 6 3
3 7 4
5 7 3
10 8 1
4 8 2
2 8 4
0 8 4
0 10 5
3 9 2
6 9 5
8 9 5
11 9 7
2 10 7
4 10 4
7 10 3
10 10 1
14 11 3
11 11 6
8 11 2
6 11 2
0 12 6
2 12 7
5 12 5
7 12 7
10 12 2
11 13 4
9 13 1
13 13 2
0 14 2
2 14 2
5 14 3
7 14 6
10 14 3
12 14 2
14 14 2
1 0 4 0 1
4 0 7 0 2
4 0 4 3 2
7 0 9 0 2
7 0 7 3 2
9 0 12 0 2
9 0 9 3 1
12 0 14 0 2
14 0 14 2 2
11 1 13 1 1
11 1 11 4 2
2 1 2 3 1
0 1 2 1 1
0 1 0 4 2
2 3 2 6 1
0 4 0 6 2
4 3 7 3 2
4 3 4 6 2
7 3 9 3 1
7 3 7 7 1
10 2 10 5 1
12 2 14 2 2
12 2 12 5 2
14 2 14 5 1
0 6 2 6 2
0 6 0 8 2
2 6 4 6 2
2 6 2 8 1
4 6 6 6 1
6 6 6 9 1
6 4 6 6 1
10 5 10 8 1
8 5 10 5 1
8 5 8 9 1
11 4 11 6 1
13 4 13 6 2
14 5 14 8 1
13 6 13 9 1
14 8 14 11 1
12 5 12 7 2
11 6 11 9 2
3 7 5 7 2
3 7 3 9 2
5 7 5 12 1
4 8 4 10 2
2 8 2 10 2
0 8 2 8 1
0 8 0 10 1
0 10 2 10 2
0 10 0 12 2
6 9 8 9 2
6 9 6 11 2
8 9 11 9 2
11 9 13 9 1
11 9 11 11 2
2 10 4 10 2
2 10 2 12 1
7 10 10 10 1
7 10 7 12 2
14 11 14 14 1
11 11 14 11 1
11 11 11 13 1
8 11 11 11 2
0 12 2 12 2
0 12 0 14 2
2 12 5 12 2
2 12 2 14 2
5 12 7 12 1
5 12 5 14 1
7 12 10 12 2
7 12 7 14 2
11 13 13 13 2
9 13 11 13 1
5 14 7 14 2
7 14 10 14 2
10 14 12 14 1
12 14 14 14 1
