Facile
15
70
1 0 3
3 0 5
6 0 4
10 0 4
13 0 3
0 1 2
8 1 4
12 1 2
14 1 1
13 2 3
10 2 1
6 2 3
3 2 6
1 2 5
0 4 4
1 5 4
0 6 4
1 7 3
0 8 3
1 9 2
0 10 3
1 11 1
0 13 3
1 14 1
2 13 5
2 3 4
2 6 4
2 8 5
4 8 3
4 10 3
2 10 6
3 12 2
5 12 5
4 13 3
3 14 3
5 14 4
6 13 2
7 14 3
8 13 3
10 13 3
12 13 1
9 14 2
11 14 3
14 14 4
14 12 6
11 12 5
9 12 2
5 9 4
5 6 7
5 3 5
8 3 5
11 3 3
14 4 2
14 6 3
14 9 5
11 9 7
9 9 4
7 9 5
7 11 4
10 11 2
13 5 3
13 7 4
7 4 3
9 4 2
11 5 3
8 5 1
7 6 5
10 6 1
11 7 7
8 7 2
1 0 3 0 2
1 0 1 2 1
3 0 6 0 1
3 0 3 2 2
6 0 10 0 2
6 0 6 2 1
10 0 13 0 2
13 0 13 2 1
0 1 0 4 2
8 1 12 1 2
8 1 8 3 2
14 1 14 4 1
13 2 13 5 1
10 2 13 2 1
3 2 6 2 2
1 2 3 2 2
1 2 1 5 2
0 4 0 6 2
1 5 1 7 2
0 6 0 8 2
1 7 1 9 1
0 8 0 10 1
1 9 1 11 1
0 10 0 13 2
0 13 2 13 1
1 14 3 14 1
2 13 4 13 2
2 3 2 6 2
2 3 5 3 2
2 6 2 8 1
2 6 5 6 1
2 8 4 8 2
2 8 2 10 2
4 8 4 10 1
2 10 2 13 2
2 10 4 10 2
3 12 5 12 2
5 12 9 12 1
4 13 6 13 1
3 14 5 14 2
5 14 7 14 2
6 13 8 13 1
7 14 9 14 1
8 13 10 13 2
10 13 12 13 1
9 14 11 14 1
11 14 14 14 2
14 12 14 14 2
11 12 14 12 2
9 12 11 12 1
5 9 5 12 2
5 6 5 9 2
5 6 7 6 2
5 3 5 6 2
5 3 8 3 1
8 3 11 3 2
11 3 11 5 1
14 4 14 6 1
14 6 14 9 2
14 9 14 12 2
11 9 11 12 2
11 9 14 9 1
9 9 11 9 2
7 9 9 9 2
7 9 7 11 2
7 11 10 11 2
13 5 13 7 2
7 4 9 4 2
7 4 7 6 1
11 5 11 7 1
8 5 11 5 1
7 6 7 9 1
7 6 10 6 1
11 7 11 9 2
11 7 13 7 2
8 7 11 7 2
