Facile
15
69
1 0 1
3 0 3
6 0 3
8 0 2
11 0 3
14 0 1
0 1 3
2 1 5
5 1 2
9 1 1
4 2 4
7 2 3
10 2 1
13 2 2
11 3 3
8 3 4
6 3 3
0 3 2
0 5 2
2 4 4
4 4 3
10 4 2
14 4 2
13 5 3
11 5 3
8 5 1
2 6 6
4 6 5
6 6 5
10 6 3
9 7 1
11 7 5
14 7 3
7 7 2
5 7 2
0 8 2
2 8 3
4 8 1
6 8 3
7 9 5
9 9 6
11 9 6
13 8 3
14 9 2
13 10 4
14 12 3
13 13 3
14 14 4
12 14 3
11 13 4
10 14 3
9 13 2
8 14 3
7 13 1
6 14 4
5 13 4
0 14 4
3 14 3
1 13 2
0 11 4
2 10 2
3 11 1
5 10 5
7 11 1
8 12 3
9 11 4
10 12 2
11 11 6
6 12 4
1 0 3 0 1
3 0 6 0 2
6 0 8 0 1
8 0 11 0 1
11 0 14 0 1
11 0 11 3 1
0 1 2 1 2
0 1 0 3 1
2 1 5 1 1
2 1 2 4 2
5 1 9 1 1
4 2 7 2 2
4 2 4 4 2
7 2 10 2 1
13 2 13 5 2
11 3 11 5 1
8 3 11 3 1
8 3 8 5 1
6 3 8 3 2
6 3 6 6 1
0 3 0 5 1
0 5 0 8 1
2 4 2 6 2
4 4 4 6 1
10 4 10 6 2
14 4 14 7 2
13 5 13 8 1
11 5 11 7 2
2 6 4 6 2
2 6 2 8 2
4 6 6 6 1
4 6 4 8 1
6 6 10 6 1
6 6 6 8 2
9 7 11 7 1
11 7 11 9 2
14 7 14 9 1
7 7 7 9 2
5 7 5 10 2
0 8 0 11 1
2 8 2 10 1
6 8 6 12 1
7 9 9 9 2
7 9 7 11 1
9 9 11 9 2
9 9 9 11 2
11 9 11 11 2
13 8 13 10 2
14 9 14 12 1
13 10 13 13 2
14 12 14 14 2
12 14 14 14 2
11 13 13 13 1
10 14 12 14 1
9 13 11 13 1
8 14 10 14 2
7 13 9 13 1
6 14 8 14 1
0 14 3 14 2
3 14 6 14 1
1 13 5 13 2
0 11 0 14 2
0 11 3 11 1
2 10 5 10 1
5 10 5 13 2
8 12 10 12 2
9 11 11 11 2
11 11 11 13 2
6 12 6 14 2
6 12 8 12 1
