Facile
15
77
0 0 2
3 0 3
5 0 5
7 0 4
9 0 4
11 0 4
14 0 2
13 1 2
10 1 1
4 1 4
2 1 3
0 2 2
3 2 2
6 2 2
9 2 5
14 2 3
13 3 3
11 3 5
8 3 1
4 3 2
2 3 2
3 4 6
5 4 7
7 4 2
10 4 2
14 5 6
12 5 3
9 5 2
8 6 5
2 5 4
0 5 4
3 6 3
2 7 4
5 6 6
10 6 3
13 6 1
12 7 1
14 7 4
13 8 4
11 8 5
9 7 2
8 8 3
6 8 3
0 8 3
2 9 4
4 7 4
4 9 5
7 9 3
9 9 5
14 9 4
12 10 2
10 10 1
8 10 2
5 10 3
0 11 5
2 11 6
4 11 4
7 11 1
14 11 4
13 12 2
14 13 3
13 14 2
11 14 3
12 13 4
11 12 3
9 12 2
10 13 2
9 14 2
8 13 5
6 12 1
5 13 5
3 13 2
1 13 1
0 14 3
2 14 4
4 14 3
7 14 2
0 0 3 0 1
0 0 0 2 1
3 0 5 0 2
5 0 7 0 2
5 0 5 4 1
7 0 9 0 2
9 0 11 0 1
9 0 9 2 1
11 0 14 0 1
11 0 11 3 2
14 0 14 2 1
13 1 13 3 2
10 1 10 4 1
4 1 4 3 2
2 1 4 1 2
2 1 2 3 1
0 2 0 5 1
3 2 3 4 2
6 2 9 2 2
9 2 9 5 2
14 2 14 5 2
11 3 13 3 1
11 3 11 8 2
8 3 8 6 1
2 3 2 5 1
3 4 5 4 2
3 4 3 6 2
5 4 7 4 2
5 4 5 6 2
10 4 10 6 1
14 5 14 7 2
12 5 14 5 2
12 5 12 7 1
8 6 10 6 1
8 6 8 8 1
2 5 2 7 1
0 5 2 5 2
0 5 0 8 1
3 6 5 6 1
2 7 2 9 1
2 7 4 7 2
5 6 8 6 2
5 6 5 10 1
10 6 10 10 1
13 6 13 8 1
14 7 14 9 2
13 8 13 12 2
11 8 13 8 1
11 8 11 12 2
9 7 9 9 2
6 8 8 8 2
6 8 6 12 1
0 8 0 11 2
2 9 4 9 1
2 9 2 11 2
4 7 4 9 2
4 9 4 11 2
7 9 9 9 2
7 9 7 11 1
9 9 9 12 1
14 9 14 11 2
12 10 12 13 2
8 10 8 13 2
5 10 5 13 2
0 11 2 11 2
0 11 0 14 1
2 11 4 11 2
14 11 14 13 2
11 14 13 14 2
12 13 14 13 1
9 12 11 12 1
10 13 12 13 1
9 14 11 14 1
8 13 10 13 1
5 13 8 13 2
3 13 5 13 1
1 13 3 13 1
0 14 2 14 2
2 14 4 14 2
4 14 7 14 1
7 14 9 14 1
