Facile
15
70
0 0 3
2 0 2
5 0 2
7 0 2
10 0 3
12 0 4
14 1 1
11 1 3
9 1 5
3 1 3
1 1 2
0 2 4
2 2 5
4 2 5
6 2 4
8 2 1
12 2 3
11 3 2
9 3 7
7 3 2
5 3 1
0 4 2
3 4 1
14 4 3
14 6 3
12 5 4
9 5 8
6 5 4
2 6 2
4 6 1
8 6 1
0 7 2
3 7 4
5 7 5
9 7 5
11 7 1
12 8 4
14 8 3
10 8 2
8 8 3
8 10 3
4 9 1
6 9 2
2 9 2
0 10 1
0 12 3
2 12 4
3 11 1
5 11 3
4 12 3
6 12 7
8 12 3
1 14 1
3 14 3
6 14 4
9 9 4
11 9 2
13 9 1
10 10 2
12 10 4
14 10 5
14 12 4
14 14 4
12 14 3
13 13 2
13 11 3
11 11 3
9 11 4
9 14 3
10 13 1
0 0 2 0 1
0 0 0 2 2
2 0 5 0 1
5 0 7 0 1
7 0 10 0 1
10 0 12 0 2
12 0 12 2 2
14 1 14 4 1
11 1 11 3 1
9 1 11 1 2
9 1 9 3 2
3 1 9 1 1
1 1 3 1 2
0 2 2 2 1
0 2 0 4 1
2 2 4 2 2
2 2 2 6 2
4 2 6 2 2
4 2 4 6 1
6 2 8 2 1
6 2 6 5 1
12 2 12 5 1
9 3 11 3 1
9 3 9 5 2
7 3 9 3 2
5 3 5 7 1
0 4 0 7 1
3 4 3 7 1
14 4 14 6 2
14 6 14 8 1
12 5 12 8 1
9 5 12 5 2
9 5 9 7 2
6 5 9 5 2
6 5 6 9 1
8 6 8 8 1
0 7 3 7 1
3 7 5 7 2
5 7 5 11 2
9 7 11 7 1
9 7 9 9 2
12 8 14 8 1
14 8 14 10 1
10 8 12 8 2
8 8 8 10 2
8 10 8 12 1
6 9 6 12 1
2 9 4 9 1
2 9 2 12 1
0 10 0 12 1
0 12 2 12 2
2 12 4 12 1
3 11 5 11 1
4 12 6 12 2
6 12 8 12 2
6 12 6 14 2
1 14 3 14 1
3 14 6 14 2
9 9 11 9 1
9 9 9 11 1
11 9 13 9 1
10 10 12 10 2
12 10 14 10 2
14 10 14 12 2
14 12 14 14 2
12 14 14 14 2
13 11 13 13 1
11 11 13 11 2
9 11 11 11 1
9 11 9 14 2
9 14 12 14 1
10 13 13 13 1
