Facile
9
32
0 0 2
2 0 4
8 0 3
5 0 3
7 1 4
8 2 3
7 4 5
6 3 1
8 5 3
8 7 1
1 1 1
3 1 3
0 2 2
2 2 2
3 3 3
1 3 4
4 4 5
2 4 1
0 4 2
1 5 3
3 5 2
3 7 4
2 6 1
0 6 3
1 7 1
0 8 2
2 8 2
4 8 3
7 8 3
5 7 2
4 6 3
6 6 1
0 0 2 0 1
0 0 0 2 1
2 0 5 0 1
2 0 2 2 2
8 0 8 2 1
5 0 8 0 2
7 1 7 4 2
8 2 8 5 2
7 4 7 8 1
8 5 8 7 1
1 1 1 3 1
3 1 7 1 2
3 1 3 3 1
0 2 0 4 1
3 3 6 3 1
1 3 3 3 1
1 3 1 5 2
4 4 7 4 2
4 4 4 6 2
2 4 4 4 1
0 4 0 6 1
1 5 3 5 1
3 5 3 7 1
3 7 5 7 2
0 6 2 6 1
0 6 0 8 1
1 7 3 7 1
0 8 2 8 1
2 8 4 8 1
4 8 7 8 2
4 6 6 6 1
