Difficile
10
38
0 0 3
3 0 3
5 0 3
7 0 4
9 0 4
9 2 3
7 2 2
2 1 2
4 1 2
6 1 1
8 1 2
8 3 3
0 3 5
2 3 5
3 2 2
5 2 3
4 3 3
6 3 2
9 4 2
7 4 3
5 4 3
1 4 1
0 5 4
0 7 4
0 9 4
3 5 3
6 5 6
8 5 3
9 6 2
9 9 3
8 8 1
6 7 3
7 6 1
7 9 4
5 9 3
2 9 5
2 7 2
4 7 1
0 0 3 0 1
0 0 0 3 2
3 0 5 0 2
5 0 7 0 1
7 0 9 0 2
7 0 7 2 1
9 0 9 2 2
9 2 9 4 1
2 1 4 1 1
2 1 2 3 1
4 1 6 1 1
8 1 8 3 2
0 3 2 3 2
0 3 0 5 1
2 3 4 3 2
3 2 5 2 2
5 2 7 2 1
4 3 6 3 1
6 3 8 3 1
7 4 9 4 1
5 4 7 4 2
1 4 5 4 1
0 5 0 7 2
0 5 3 5 1
0 7 0 9 2
0 9 2 9 2
3 5 6 5 2
6 5 8 5 2
6 5 6 7 2
8 5 8 8 1
9 6 9 9 2
7 6 7 9 1
7 9 9 9 1
5 9 7 9 2
2 9 5 9 1
2 7 2 9 2
4 7 6 7 1
