Difficile
10
36
0 0 3
2 0 4
4 0 3
7 0 4
9 0 3
8 1 2
1 2 2
3 2 4
5 2 3
7 2 3
9 3 2
8 4 3
6 3 2
4 3 3
0 3 2
1 4 3
3 5 1
5 4 2
0 9 2
2 9 2
4 9 2
9 9 2
6 9 2
9 7 2
9 5 2
7 5 1
8 8 2
8 6 3
6 6 2
5 8 3
3 8 3
1 8 3
0 7 2
0 5 2
1 6 4
4 6 2
0 0 2 0 2
0 0 0 3 1
2 0 4 0 2
4 0 7 0 1
7 0 9 0 1
7 0 7 2 2
9 0 9 3 2
8 1 8 4 2
1 2 3 2 1
1 2 1 4 1
3 2 5 2 2
3 2 3 5 1
5 2 7 2 1
4 3 6 3 2
4 3 4 6 1
0 3 0 5 1
1 4 1 6 2
5 4 8 4 1
5 4 5 8 1
0 9 2 9 1
2 9 4 9 1
4 9 6 9 1
6 9 9 9 1
9 7 9 9 1
9 5 9 7 1
7 5 9 5 1
8 6 8 8 1
6 6 8 6 2
5 8 8 8 1
3 8 5 8 1
1 8 3 8 2
0 7 0 9 1
0 5 0 7 1
1 6 1 8 1
1 6 4 6 1
