Difficile
10
34
0 0 2
2 0 4
4 0 3
7 0 4
9 0 2
3 1 1
6 1 2
9 2 3
7 2 4
0 2 3
2 3 3
4 3 4
6 3 4
8 3 1
9 4 2
7 4 2
5 4 2
3 4 1
0 4 4
1 5 1
4 5 2
6 5 2
0 6 4
3 6 4
5 6 4
7 6 1
1 7 1
6 7 3
9 7 3
0 8 1
3 8 1
1 9 2
5 9 3
8 9 1
0 0 2 0 1
0 0 0 2 1
2 0 4 0 2
2 0 2 3 1
4 0 7 0 1
7 0 9 0 1
7 0 7 2 2
9 0 9 2 1
3 1 6 1 1
6 1 6 3 1
7 2 9 2 2
0 2 0 4 2
2 3 4 3 2
4 3 6 3 1
4 3 4 5 1
6 3 8 3 1
6 3 6 5 1
9 4 9 7 1
7 4 9 4 1
7 4 7 6 1
5 4 5 6 2
0 4 3 4 1
0 4 0 6 1
1 5 4 5 1
6 5 6 7 1
0 6 3 6 2
0 6 0 8 1
3 6 5 6 1
3 6 3 8 1
5 6 5 9 1
1 7 1 9 1
6 7 9 7 2
1 9 5 9 1
5 9 8 9 1
