Moyenne
10
34
0 0 2
2 0 2
4 0 5
7 0 3
0 2 5
3 2 2
2 3 1
0 4 5
0 6 3
0 8 1
3 4 3
4 3 5
1 9 2
3 9 4
5 9 3
8 9 2
9 8 1
9 6 4
9 1 1
9 3 3
7 2 1
6 3 5
6 5 3
8 5 2
7 6 2
8 7 3
6 7 2
7 8 1
4 8 3
4 6 3
3 7 4
1 7 4
6 1 2
1 5 2
0 0 2 0 1
0 0 0 2 1
2 0 4 0 1
4 0 7 0 2
4 0 4 3 2
7 0 7 2 1
0 2 3 2 2
0 2 0 4 2
2 3 4 3 1
0 4 0 6 2
0 4 3 4 1
0 6 0 8 1
3 4 3 7 2
4 3 6 3 1
4 3 4 6 1
1 9 3 9 1
3 9 5 9 2
5 9 8 9 1
9 6 9 8 1
9 1 9 3 1
9 3 9 6 1
6 3 9 3 1
6 3 6 5 1
6 5 8 5 2
7 6 9 6 2
8 7 8 9 1
6 7 8 7 2
4 8 7 8 1
4 6 4 8 2
3 7 3 9 1
1 7 1 9 1
1 7 3 7 1
6 1 6 3 2
1 5 1 7 2
