Moyenne
10
37
1 0 2
3 0 5
6 0 4
8 0 3
8 2 2
9 1 2
9 3 5
7 1 1
7 3 5
6 2 1
5 1 2
5 3 5
3 3 5
1 2 1
0 1 2
0 3 5
4 4 2
6 4 6
8 4 2
9 5 4
7 5 1
0 5 5
2 5 2
1 6 2
3 6 7
6 6 5
8 6 1
9 7 5
7 7 5
5 7 2
2 7 1
0 8 1
2 9 3
3 8 2
5 9 5
7 9 4
9 9 1
1 0 3 0 1
1 0 1 2 1
3 0 6 0 2
3 0 3 3 2
6 0 8 0 1
6 0 6 2 1
8 0 8 2 2
9 1 9 3 2
9 3 9 5 1
7 1 7 3 1
7 3 9 3 2
5 1 5 3 2
5 3 7 3 2
3 3 5 3 1
3 3 3 6 1
0 1 0 3 2
0 3 3 3 1
0 3 0 5 2
4 4 6 4 2
6 4 8 4 2
6 4 6 6 2
9 5 9 7 2
7 5 9 5 1
0 5 2 5 2
0 5 0 8 1
1 6 3 6 2
3 6 6 6 2
3 6 3 8 2
6 6 8 6 1
9 7 9 9 1
7 7 9 7 2
7 7 7 9 2
5 7 7 7 1
5 7 5 9 1
2 7 2 9 1
2 9 5 9 2
5 9 7 9 2
