Moyenne
10
35
0 0 4
2 0 4
5 0 3
7 0 2
6 1 1
9 1 2
0 2 4
2 2 6
4 2 1
3 3 1
5 3 2
7 3 1
2 4 5
0 4 4
4 4 2
6 4 5
9 4 4
9 6 3
9 8 3
8 5 1
8 7 2
6 7 5
4 7 4
5 6 1
3 6 3
0 6 4
0 9 3
1 8 1
3 8 2
2 9 4
4 9 5
6 9 2
8 9 1
7 8 3
5 8 2
0 0 2 0 2
0 0 0 2 2
2 0 5 0 1
2 0 2 2 1
5 0 7 0 1
5 0 5 3 1
7 0 7 3 1
6 1 6 4 1
9 1 9 4 2
0 2 2 2 2
2 2 4 2 1
2 2 2 4 2
3 3 5 3 1
2 4 4 4 1
0 4 2 4 2
0 4 0 6 2
4 4 6 4 1
6 4 9 4 1
6 4 6 7 2
9 4 9 6 1
9 6 9 8 2
8 5 8 7 1
6 7 8 7 1
4 7 6 7 2
4 7 4 9 2
3 6 5 6 1
3 6 3 8 1
0 6 3 6 1
0 6 0 9 1
0 9 2 9 2
1 8 3 8 1
2 9 4 9 2
4 9 6 9 1
6 9 8 9 1
7 8 9 8 1
5 8 7 8 2
