Moyenne
10
34
0 0 3
3 0 4
0 2 3
1 1 1
1 3 4
3 3 3
6 0 3
8 0 1
7 1 4
9 1 3
7 3 2
6 2 1
6 4 3
9 4 3
5 1 2
4 2 1
5 3 4
5 6 3
4 5 3
1 5 3
0 4 2
0 6 2
0 8 1
1 7 2
3 7 3
3 9 4
1 9 1
5 9 3
4 8 1
6 7 1
7 9 3
9 9 1
7 6 2
9 6 2
0 0 3 0 1
0 0 0 2 2
3 0 3 3 1
3 0 6 0 2
0 2 0 4 1
1 1 1 3 1
1 3 3 3 2
1 3 1 5 1
6 0 8 0 1
7 1 9 1 2
7 1 7 3 2
9 1 9 4 1
6 2 6 4 1
6 4 9 4 1
6 4 6 7 1
9 4 9 6 1
5 1 5 3 2
4 2 4 5 1
5 3 5 6 2
5 6 5 9 1
4 5 4 8 1
1 5 4 5 1
1 5 1 7 1
0 4 0 6 1
0 6 0 8 1
1 7 3 7 1
3 7 3 9 2
3 9 5 9 1
1 9 3 9 1
5 9 7 9 1
7 9 9 9 1
7 6 7 9 1
7 6 9 6 1
