Moyenne
10
34
1 0 2
0 2 2
0 5 5
2 5 5
2 3 2
4 3 3
6 3 3
4 5 1
3 4 1
3 6 2
6 6 3
2 7 7
0 7 5
0 9 4
2 9 4
4 9 2
6 9 3
8 9 3
9 8 1
9 6 2
9 4 2
9 2 3
9 0 4
7 0 4
7 2 5
5 2 6
5 0 3
3 0 4
3 2 3
8 3 1
7 4 2
7 7 2
5 7 3
8 5 2
1 0 3 0 2
0 2 0 5 2
0 5 2 5 2
0 5 0 7 1
2 5 2 7 2
2 3 2 5 1
2 3 4 3 1
4 3 6 3 1
4 3 4 5 1
6 3 6 6 2
3 4 3 6 1
3 6 6 6 1
2 7 2 9 1
2 7 5 7 2
0 7 2 7 2
0 7 0 9 2
0 9 2 9 2
2 9 4 9 1
4 9 6 9 1
6 9 8 9 2
9 6 9 8 1
9 4 9 6 1
9 2 9 4 1
9 0 9 2 2
7 0 9 0 2
7 0 7 2 2
7 2 7 4 1
5 2 7 2 2
5 0 5 2 2
3 0 5 0 1
3 0 3 2 1
3 2 5 2 2
8 3 8 5 1
7 4 7 7 1
5 7 7 7 1
8 5 8 9 1
