Facile
10
32
2 0 1
5 0 2
8 0 3
9 2 1
6 1 2
3 1 4
0 1 3
3 3 5
4 2 1
1 3 2
0 5 5
3 5 5
4 4 3
6 4 4
6 6 4
5 5 1
8 3 4
9 5 2
8 6 3
4 6 4
1 6 4
0 7 4
1 8 3
0 9 3
2 9 3
3 8 2
5 8 2
7 8 3
9 8 3
4 9 3
6 9 2
8 9 1
2 0 5 0 1
5 0 8 0 1
8 0 8 3 2
9 2 9 5 1
6 1 6 4 1
3 1 6 1 1
3 1 3 3 1
0 1 3 1 2
0 1 0 5 1
3 3 3 5 2
4 2 4 4 1
1 3 3 3 2
0 5 3 5 2
0 5 0 7 2
3 5 5 5 1
4 4 6 4 2
6 4 6 6 1
6 6 8 6 1
8 3 8 6 2
9 5 9 8 1
4 6 6 6 2
1 6 4 6 2
1 6 1 8 2
0 7 0 9 2
1 8 3 8 1
0 9 2 9 1
2 9 4 9 2
3 8 5 8 1
5 8 7 8 1
7 8 9 8 2
4 9 6 9 1
6 9 8 9 1
