Facile
10
35
1 0 1
3 0 3
5 0 3
8 0 2
0 1 3
2 1 2
4 1 3
7 1 2
9 1 2
1 2 1
3 2 3
6 2 5
8 2 5
9 3 3
5 3 1
0 3 5
2 4 3
4 4 4
6 4 6
8 4 6
9 5 2
8 6 6
6 6 6
4 6 7
2 6 5
0 6 4
0 8 3
3 8 2
1 9 1
4 9 4
5 8 1
8 8 3
9 9 3
7 9 4
9 7 2
1 0 3 0 1
3 0 5 0 2
5 0 8 0 1
8 0 8 2 1
0 1 2 1 1
0 1 0 3 2
2 1 4 1 1
4 1 7 1 2
9 1 9 3 2
1 2 3 2 1
3 2 6 2 2
6 2 8 2 2
6 2 6 4 1
8 2 8 4 2
9 3 9 5 1
0 3 5 3 1
0 3 0 6 2
2 4 4 4 1
2 4 2 6 2
4 4 6 4 1
4 4 4 6 2
6 4 8 4 2
6 4 6 6 2
8 4 8 6 2
9 5 9 7 1
8 6 8 8 2
6 6 8 6 2
4 6 6 6 2
4 6 4 9 1
2 6 4 6 2
0 6 2 6 1
0 6 0 8 1
0 8 3 8 2
1 9 4 9 1
4 9 7 9 2
5 8 8 8 1
7 9 9 9 2
9 7 9 9 1
