Facile
10
37
0 0 3
3 0 3
5 0 3
7 0 2
9 0 3
9 2 5
8 1 1
6 1 2
4 1 2
1 1 3
0 2 4
0 4 4
2 2 2
5 2 5
7 2 3
5 4 5
1 3 6
3 3 2
2 4 2
8 4 1
9 5 4
6 5 6
3 5 4
1 5 6
0 6 3
2 6 1
4 6 2
1 8 3
0 9 3
2 9 4
3 8 1
4 9 5
6 8 2
7 7 3
9 7 5
7 9 5
9 9 4
0 0 3 0 1
0 0 0 2 2
3 0 5 0 2
5 0 7 0 1
7 0 9 0 1
9 0 9 2 2
9 2 9 5 1
6 1 8 1 1
4 1 6 1 1
1 1 4 1 1
1 1 1 3 2
0 2 0 4 2
0 4 0 6 2
2 2 5 2 2
5 2 7 2 1
5 2 5 4 2
7 2 9 2 2
5 4 8 4 1
1 3 3 3 2
1 3 1 5 2
2 4 5 4 2
9 5 9 7 1
6 5 9 5 2
6 5 6 8 2
3 5 6 5 2
1 5 3 5 2
1 5 1 8 2
0 6 0 9 1
2 6 4 6 1
4 6 4 9 1
1 8 3 8 1
0 9 2 9 2
2 9 4 9 2
4 9 7 9 2
7 7 9 7 2
7 7 7 9 1
9 7 9 9 2
7 9 9 9 2
