Facile
10
29
1 0 1
3 0 3
5 0 3
7 0 3
9 0 3
0 1 4
2 1 3
4 1 4
6 1 2
1 2 3
3 2 2
2 3 1
9 2 3
4 3 4
7 3 5
0 4 3
1 5 4
0 7 1
1 9 3
3 9 3
5 9 3
8 9 2
7 8 3
9 8 1
7 5 7
9 5 2
5 5 5
5 7 3
3 6 2
1 0 3 0 1
3 0 5 0 2
5 0 7 0 1
7 0 9 0 1
7 0 7 3 1
9 0 9 2 2
0 1 2 1 2
0 1 0 4 2
2 1 4 1 1
4 1 6 1 2
4 1 4 3 1
1 2 3 2 2
1 2 1 5 1
2 3 4 3 1
9 2 9 5 1
4 3 7 3 2
7 3 7 5 2
0 4 0 7 1
1 5 1 9 2
1 5 5 5 1
1 9 3 9 1
5 9 8 9 2
7 8 9 8 1
7 5 7 8 2
7 5 9 5 1
5 5 7 5 2
5 5 5 7 2
5 7 5 9 1
3 6 3 9 2
