Facile
10
29
0 0 2
2 0 3
4 0 4
8 0 1
0 3 3
1 2 3
4 2 5
6 1 2
9 1 3
7 2 3
4 4 1
3 3 1
5 3 1
3 5 5
1 5 3
0 6 3
0 8 1
1 9 1
1 7 4
3 7 7
3 9 3
5 9 2
8 9 1
9 7 2
6 7 3
6 4 1
5 5 3
7 6 1
9 4 2
0 0 2 0 1
0 0 0 3 1
2 0 4 0 2
4 0 8 0 1
4 0 4 2 1
0 3 0 6 2
1 2 4 2 1
1 2 1 5 2
4 2 7 2 2
4 2 4 4 1
6 1 9 1 2
9 1 9 4 1
7 2 7 6 1
3 3 3 5 1
5 3 5 5 1
3 5 3 7 2
3 5 5 5 2
1 5 1 7 1
0 6 0 8 1
1 7 1 9 1
1 7 3 7 2
3 7 3 9 2
3 7 6 7 1
3 9 5 9 1
5 9 8 9 1
6 7 9 7 1
6 4 6 7 1
9 4 9 7 1
