Facile
10
32
0 0 4
2 0 4
0 2 4
2 2 3
4 2 3
5 0 6
7 0 6
9 0 3
7 2 3
9 2 1
7 4 4
9 4 3
5 3 2
4 4 4
1 4 3
0 6 3
1 7 4
0 8 4
3 8 3
4 7 5
5 6 1
6 7 4
7 6 4
9 6 5
8 7 4
5 8 3
7 8 2
9 8 1
8 9 3
6 9 3
4 9 3
2 9 1
0 0 2 0 2
0 0 0 2 2
2 0 5 0 2
0 2 2 2 1
0 2 0 6 1
2 2 4 2 2
4 2 4 4 1
5 0 7 0 2
5 0 5 3 2
7 0 9 0 2
7 0 7 2 2
9 0 9 2 1
7 2 7 4 1
7 4 9 4 1
7 4 7 6 1
9 4 9 6 2
4 4 7 4 1
4 4 4 7 1
1 4 4 4 1
1 4 1 7 2
0 6 0 8 2
1 7 4 7 2
0 8 3 8 2
3 8 5 8 1
4 7 6 7 2
5 6 7 6 1
6 7 8 7 2
7 6 9 6 2
9 6 9 8 1
8 7 8 9 2
5 8 7 8 2
6 9 8 9 1
4 9 6 9 2
2 9 4 9 1
